39.7487: 32.5890: 1.6171: 1.5439
40.8567: 30.9025: 2.8987: 1.4409
pack1
30.6364
30.6594
30.7032
30.5255
31.4889
30.5898
30.4913
30.7112
30.6993
30.7890
31.7457
30.6819
30.6424
30.6801
30.5806
30.5932
30.6688
30.6032
30.5989
30.6408
pack0
41.1036
40.9964
41.1241
40.8542
40.6589
40.7747
40.8140
40.7321
40.7459
40.9547
43.5707
40.6727
40.8337
40.7953
41.1868
41.1196
40.6942
40.9350
41.2989
41.2240
DRAM 1
1.4395
1.4460
1.4462
1.4402
1.4385
1.4397
1.4403
1.4408
1.4434
1.4479
1.4590
1.4420
1.4398
1.4437
1.4476
1.4424
1.4420
1.4427
1.4520
1.4441
DRAM 0
2.9050
2.9265
2.9276
2.9131
2.9067
2.9042
2.9077
2.9268
2.9300
2.9419
2.9510
2.9179
2.9200
2.9164
2.9326
2.9148
2.9173
2.9197
2.9491
2.9063
